roachrawdata = [
1431634278,
43690,
2852127808,
443017495,
443279625,
443476220,
442427633,
443869418,
443869406,
444197070,
443148482,
443934902,
443803821,
443607198,
443541649,
443082888,
444459127,
444000364,
443934824,
443410520,
443213904,
444131391,
443672628,
443148325,
443344919,
443410442,
442492930,
443344881,
442755047,
442755028,
443213768,
441706425,
441771947,
441378713,
440133516,
440854400,
438757234,
439084895,
438560597,
438560579,
436987701,
436463397,
436201235,
435283721,
434169592,
433055460,
431482582,
430696134,
430040757,
428861096,
427222677,
425911939,
424928883,
423224924,
421455441,
419948090,
417392175,
415819292,
413525516,
411428346,
407561698,
406382039,
403432902,
399828399,
397403550,
393602448,
389932416,
386852207,
382395745,
378463569,
374531395,
369354052,
365487416,
360047913,
354018589,
349889818,
343663896,
337700124,
332522783,
326362416,
320136512,
314500427,
309126506,
303621509,
297526696,
293266902,
289203716,
284288568,
282060413,
279373482,
277931760,
276621107,
277079930,
277800903,
279898118,
282126388,
285730938,
289794226,
293923037,
299428108,
304474411,
310241611,
315615588,
1431634278,
43690,
2852127809,
415107972,
415173498,
416025452,
416025449,
416222046,
417205076,
416877381,
417598269,
417925944,
417467178,
417401631,
417925916,
418843401,
418777864,
419302137,
419302130,
418974441,
419039967,
419695318,
421464773,
420743869,
419826360,
419891885,
420612772,
421268117,
421071499,
421988986,
422447739,
422382182,
423037536,
422251090,
421857861,
422578751,
422840882,
423823917,
423168540,
423102988,
423234056,
423234043,
423299570,
424413675,
423430624,
423496148,
422971848,
423627190,
424675757,
424806824,
424741272,
424348043,
424348024,
424610161,
424216932,
424085855,
424479055,
423692613,
424806706,
424610085,
424413471,
424085773,
423627010,
424282361,
424544489,
423823576,
423626957,
423430334,
422578354,
422185119,
421922964,
422447234,
421464181,
421922917,
420677717,
420808777,
420743226,
418777128,
418842651,
418121738,
417269756,
415696873,
415696857,
413861833,
413796272,
412288927,
411305869,
409143165,
407439208,
406194007,
405342017,
402655026,
400295710,
398853895,
396297972,
394790623,
392365766,
388368048,
385484443,
382535310,
378406513,
374146651,
371525189,
1431634278,
43690,
2852127810,
440271208,
440336736,
440926551,
441778501,
441909569,
442171705,
442892583,
443220257,
443678998,
443810065,
443810047,
443875580,
444661994,
444268765,
445251801,
444793038,
446038210,
446234807,
446759088,
447479969,
447545495,
447152274,
447348872,
447414393,
447217769,
449052770,
449577046,
449118286,
450428995,
449904698,
450822183,
450232347,
450494481,
451149829,
451280899,
451608560,
451805153,
451936215,
452984782,
452984772,
451739581,
452919213,
452853667,
453509017,
453640074,
453312381,
453771122,
453771109,
453640026,
454885195,
455081795,
454885167,
454688556,
455081759,
455278352,
453836542,
454557425,
455016169,
456326874,
455212751,
455343811,
454622897,
455081637,
454098582,
453246603,
454295162,
454295147,
454098523,
453115468,
452984385,
452787757,
452853276,
452656658,
451608068,
451476975,
450166238,
450166223,
448593341,
448527794,
448527777,
447741321,
446102907,
444595554,
444267861,
441843012,
440859953,
440925466,
437976328,
437386483,
434437340,
432536779,
430243001,
428670114,
425983118,
423230581,
420740192,
417922123,
413924400,
410516506,
407108612,
1431634278,
43690,
2852127811,
443481359,
444005642,
443809024,
444136693,
444202217,
444529890,
444792025,
445119691,
445185222,
445906105,
446102706,
446495910,
446364827,
446495883,
447020163,
447937664,
447872115,
447937643,
448724064,
449248337,
449313867,
448855103,
449182768,
449444907,
449838108,
449444887,
450821128,
450165763,
450952180,
450886634,
450362335,
450755539,
451607498,
451017665,
451083190,
451214249,
451607453,
451935125,
452721539,
452459383,
451476339,
453114721,
452393816,
452066127,
452655938,
451803957,
452983594,
453573405,
452721428,
453049095,
452393724,
452852464,
453638885,
452131546,
452917962,
451869369,
451672758,
452262564,
452197016,
452721287,
451607166,
452000365,
451410527,
451148368,
450296390,
450165302,
449706538,
449378841,
449116679,
448264704,
447281642,
447740383,
446298578,
446036413,
444791214,
444201377,
444070285,
442562945,
441907572,
440793440,
439679318,
438368568,
436795689,
435091737,
434043141,
431159538,
430307553,
428734665,
426244283,
424147110,
422115474,
419297411,
416479343,
413268052,
410056766,
407500847,
403765274,
399702017,
395376627,
392034278,
1431634278,
43690,
2852127808,
322562419,
328198538,
334031252,
340912541,
346810780,
352184732,
357624217,
363653531,
369486224,
374532485,
378726779,
384231790,
387770723,
392554842,
396945738,
400222526,
404482346,
408938782,
410708241,
415492347,
418638062,
421914841,
424208581,
426830011,
430106788,
432531605,
434694276,
437839980,
439806049,
442034259,
442558527,
444459055,
446818335,
448587792,
450488318,
451995629,
453699543,
454748108,
456714170,
457435052,
459532188,
460449676,
461039485,
463333231,
463791968,
464971603,
466806588,
467003186,
467855140,
469034773,
470083337,
469886707,
471590636,
473097944,
474408653,
474670783,
474605234,
475653799,
476833434,
477750922,
478340733,
478406257,
479651422,
479520337,
479979084,
481093177,
481093165,
482076191,
483190290,
483517957,
483714554,
483911140,
485221849,
484500942,
486139332,
485877173,
486925736,
486663577,
487318929,
487384448,
487515512,
488039787,
488564058,
489153868,
489678145,
489088309,
490136871,
490399001,
490792198,
490464512,
490792176,
491250917,
491971798,
491513032,
491709626,
491775149,
491709598,
492364939,
492102789,
492168305,
1431634278,
43690,
2852127809,
366085685,
361498149,
356517390,
351471104,
344458735,
339150307,
333448658,
326043096,
319096272,
311690709,
304088544,
295962090,
289146368,
281740837,
275252826,
268437126,
263784129,
257623830,
253757274,
251594694,
248842277,
249170053,
250218709,
252184878,
255920516,
259983819,
265816589,
272173644,
278530687,
284756636,
291834552,
298453705,
306121439,
312675051,
320015084,
326765291,
332597985,
337578708,
343870165,
349440708,
354880187,
359074484,
363858588,
368511629,
371591803,
376769134,
381094489,
383650377,
385419832,
389614118,
392759824,
395053562,
398461418,
401541597,
403507658,
405998017,
407308721,
408816027,
411568527,
412158327,
415304041,
416418132,
417794379,
420088122,
420874546,
422447385,
423823627,
424675581,
425986285,
427428061,
428607699,
429918398,
430770363,
431556776,
431556764,
432605325,
433326210,
434505847,
436013159,
435357788,
437127246,
437127234,
439158837,
438241326,
439617567,
440207378,
441387014,
442042359,
443090924,
441649129,
443484119,
443221967,
443287483,
445384626,
444532648,
444860318,
444860305,
446039948,
447088508,
447481718,
1431634278,
43690,
2852127810,
402521077,
398982105,
393345996,
387972023,
382270375,
375520142,
370211718,
363068282,
356645746,
349109093,
341113716,
334101368,
325909374,
317848472,
310049721,
302775246,
294648831,
289406007,
283180148,
278854846,
274595089,
271514987,
271646144,
271056401,
272891499,
274005698,
279183120,
284753749,
289013647,
293994429,
301072360,
307822603,
315228207,
322109497,
329121872,
336330832,
342622297,
348323929,
355205207,
360644684,
367001676,
373358657,
377552950,
382730278,
388038688,
392298503,
397017087,
400359408,
403963866,
408289232,
412352444,
414449582,
418185117,
421527437,
424476540,
426901350,
428539740,
431685451,
433585980,
436797228,
438501148,
439942922,
442629888,
443743979,
445120225,
447741644,
448528062,
450625201,
452394657,
453181075,
454229635,
456457848,
457506412,
457637469,
460455503,
460521029,
461635122,
463732265,
463535637,
464649749,
465632767,
466681336,
468188651,
468909534,
469433809,
468516290,
470154675,
470416812,
472251804,
472055190,
473693577,
474545532,
476183921,
475594082,
475659614,
477756753,
477625665,
477822269,
479132978,
479001892,
1431634278,
43690,
2852127811,
386398157,
381745086,
375781296,
